20 20
1 1 1 1 1 1 1 1 1 1 1 1 1 1 1 1 1 1 1 1
1 8 2 0 0 2 0 0 2 0 0 0 2 0 0 2 0 0 0 1
1 0 1 0 1 0 1 0 1 0 1 0 1 0 1 0 1 0 2 1
1 2 0 1 1 1 1 0 0 2 0 0 0 2 0 0 0 0 0 1
1 0 0 1 2 2 1 0 0 0 0 0 0 0 0 0 0 0 0 1
1 0 0 1 2 2 1 0 0 0 0 0 0 0 0 0 0 0 0 1
1 2 0 1 1 1 1 0 0 0 0 0 0 0 0 0 0 0 0 1
1 0 0 0 0 0 0 0 0 0 0 0 0 0 0 0 0 0 0 1
1 0 0 0 0 0 0 0 0 0 0 0 0 0 0 0 0 0 0 1
1 0 0 0 0 0 0 0 0 1 1 1 0 0 0 0 0 0 0 1
1 0 0 0 0 0 0 0 0 1 1 1 0 0 0 0 0 0 0 1
1 0 0 0 0 0 0 0 0 1 1 1 0 0 0 0 0 0 0 1
1 2 0 0 0 0 0 0 0 0 0 0 0 0 0 0 0 0 0 1
1 0 0 0 0 0 0 0 0 0 0 0 0 0 0 0 0 0 0 1
1 0 0 0 0 0 0 0 0 0 0 0 0 0 0 0 0 0 0 1
1 0 0 0 0 0 0 0 0 0 0 0 0 0 0 0 0 0 0 1
1 0 0 0 0 0 0 0 0 0 0 0 0 0 0 0 0 0 0 1
1 0 0 0 0 0 0 0 0 0 0 0 0 0 0 0 0 0 0 1
1 2 0 0 0 0 0 0 0 0 0 0 0 0 0 0 0 0 9 1
1 1 1 1 1 1 1 1 1 1 1 1 1 1 1 1 1 1 1 1

# 0: sàn sạch, 1: vật cản, 2: vết bẩn, 8: xuất phát, 9: đích

8 8
0 2 2147483647 0 0 1 0 0 
2 0 2 2 4 0 0 0
0 2 0 0 3 0 0 1
0 2 0 0 4 3 0 0
0 4 3 4 0 0 7 0
1 0 0 3 0 0 5 0
0 0 0 0 7 5 0 6
0 0 1 0 0 0 6 0 

3 1 1 4 2 5 5 0


5
0 2 4 5 5
2 0 1 4 0
4 1 0 0 0
5 4 0 0 6
5 0 0 6 0

5 10 8 9 11